name,count,
,6,
www.theserverside.co,2,
email.hightech.com,1,
ieeexplore.ieee.org/,1,
git.hightech.com,1,
programming.reddit.c,1,
lib01.hightech.com,1,
OA.hightech.com,1,
lib02.hightech.com,1,
www.vpsee.com,1,
