name,count,
分析平台配置,17,
需求与原型,15,
api汇总,14,
软件开发文档,13,
需求调研,13,
初验文档,13,
特殊字段说明,13,
测试脚本,13,
概要设计,12,
项目过程文档,12,
传输设置,12,
需求,10,
项目测试数据统计,10,
系统配置子系统,9,
地图配置,8,
前后端接口,8,
终验文档,8,
实施方案,7,
搜索详细设计,7,
部署文档,6,
用户手册,6,
项目计划、问题、风险,4,
财务报账,2,
例会会议纪要,2,
迟到,1,
